4085 3509
2 
1 227 1507 
4 615 
3 668 
302 6 303 
5 1109 
8 3911 
2488 825 7 
10 
9 
12 
11 
1673 1674 14 15 
13 
13 
17 
16 482 
1336 19 20 2870 
81 18 
18 3435 3434 
3575 3574 22 23 
3531 3532 21 
24 3776 21 3777 
25 3514 3513 23 
24 3600 26 
152 25 1033 153 
28 29 
27 453 
378 27 2677 
1844 1845 31 
30 
33 893 
32 570 
745 35 36 
34 
34 
38 39 
37 
40 37 2838 2839 
1417 1418 39 
42 1774 
41 854 
552 44 
66 43 
1930 46 
45 
48 
47 
865 50 211 868 
49 
2536 3780 52 
51 
54 
53 1343 
56 858 
583 55 
58 437 
57 682 
60 
59 
2030 2613 62 
61 
64 2057 
2409 63 
800 66 2103 
752 65 1018 44 
3606 68 293 870 
67 
1156 70 
288 69 287 
72 
71 
74 
73 
76 
75 
1385 78 79 
2056 1385 1627 77 
3105 386 77 1607 
81 3382 3350 
80 1376 19 3070 
2156 83 1927 1175 
82 939 3293 2710 
604 85 
3538 84 1415 
3066 3355 87 
236 86 
89 
88 351 
91 195 
90 
93 94 
588 92 
92 
96 3608 1939 
95 
98 
97 2419 3059 
100 
99 
102 103 
3866 101 
3868 101 
105 
104 
107 661 2383 
184 106 378 
109 
108 
112 111 
2258 2259 110 
307 110 
114 2714 
113 364 
730 116 1038 
730 115 
1627 118 119 
980 117 
120 117 
121 3061 119 
120 122 
121 123 
122 124 
123 1974 
504 678 126 
1153 125 1583 
128 
127 
130 
129 965 966 
1944 132 
131 
676 134 
133 
136 137 
135 
135 
139 
138 
4080 141 
620 3874 140 3557 
143 
142 
145 487 
144 1144 
147 181 
146 810 
149 
1043 148 3566 2615 
2531 1069 151 
2531 3294 150 
26 
26 3860 
2944 155 284 
154 762 
157 
156 
160 159 
158 
158 
162 
161 787 
164 389 
163 
226 3482 470 166 
1761 828 165 775 
168 169 
3452 167 
344 167 
256 171 
170 1626 2442 
173 174 
172 662 
172 919 
176 888 3692 
1525 1526 175 
178 1524 
888 177 3729 
2002 180 
179 
146 
183 
1017 182 
107 
186 187 2018 
1792 185 1731 2774 
185 188 2231 
2232 187 189 
188 190 1647 
1453 189 191 
192 2233 190 
191 
776 194 428 1053 
193 970 222 
90 
197 198 
196 
196 
200 
1160 1016 199 
2147 202 203 
201 
201 204 3542 
203 
206 1023 
205 
208 209 
207 
210 314 1029 207 
209 314 
49 212 
795 211 382 383 
214 
213 3541 
216 217 
1711 215 
215 
219 
218 
221 
220 934 718 
848 194 
224 225 
498 223 
223 
473 165 830 
2 228 
227 
230 231 
229 
229 
1680 233 
232 
235 
234 
87 
1834 238 239 
1379 237 1197 
1825 882 237 2365 
241 
240 380 845 821 
1432 243 244 
313 242 460 866 
385 242 245 
2235 244 246 
2229 1191 245 247 
248 1848 246 
1848 2229 2970 685 247 
250 
249 
972 252 
2025 251 1053 
254 
253 
256 
744 170 255 
258 
257 883 
260 
1392 259 
262 263 
261 
261 485 
265 3821 
264 
267 
266 1213 
269 
268 
271 
270 
273 
272 802 
275 1094 
274 
277 278 
898 3251 276 1431 
3162 3547 276 
280 
279 
282 
281 
762 284 
154 283 3247 
971 1134 286 
285 
70 
70 
290 507 2167 
289 
292 
2416 291 
857 67 
2089 295 
3131 3667 294 
297 
296 499 
299 1645 1646 
298 1172 
301 1151 
300 1190 
5 647 
304 5 1109 
796 303 
344 306 885 
3768 305 954 1726 
112 308 
994 307 
979 310 
1668 309 
312 
2704 3084 311 
243 
209 210 315 
314 
317 
316 
320 1989 1758 319 
318 
318 
322 
321 
324 
323 
326 
325 
328 814 
327 
330 331 
329 492 
329 1946 
624 333 334 
332 334 
435 332 333 
336 337 635 
1225 677 335 
338 335 
337 
340 
2769 339 1861 3665 
1631 342 343 
341 
625 386 341 1774 
305 557 169 
346 
345 
348 
347 
502 2910 350 
2664 3124 349 
89 
353 
352 966 
355 
354 3900 
357 358 525 
500 356 
4051 356 
360 1853 
1011 359 
362 363 1133 
361 1244 663 
361 1132 
2436 114 1436 
366 
365 
368 
367 
370 1371 1370 
369 
372 373 
371 
371 
375 
1192 374 
377 
376 
107 29 2678 
4060 380 381 
241 379 2572 1065 
379 869 382 
868 212 381 
384 212 
383 
244 
343 1631 79 
388 
387 
163 1046 390 
389 
392 393 
391 
1424 394 3742 391 
393 
396 
395 2886 
398 399 
1337 1841 397 1317 
400 2067 397 
401 2067 399 
400 402 2068 
401 403 2069 
1218 402 445 
405 1238 1239 
404 
407 
739 406 
409 2573 
408 795 
3928 411 
410 2085 
569 413 
2113 412 569 
416 415 
3272 414 
420 414 
418 419 
417 
417 3932 
416 2712 
1012 422 423 
421 
421 
425 2406 
424 736 
1026 427 2021 459 
426 
193 
430 
429 
432 
431 
434 694 
433 
624 2714 334 
437 1007 
953 1241 436 57 
1573 439 
907 1606 438 
441 442 
440 1071 
440 596 3663 
1748 1747 444 
443 
403 628 
1312 1087 911 447 
794 446 
449 450 940 
448 785 1024 
448 
452 
451 
28 
456 3961 455 
454 
603 2476 454 3811 
458 
457 
1820 426 460 991 
459 2236 243 
462 
461 
464 
463 
466 706 
465 1081 
468 
467 1861 3141 
490 470 
469 774 165 
472 
473 471 
472 226 
475 478 
474 
477 
658 476 
474 479 
478 
481 813 
480 1102 
17 483 484 
482 
482 
486 263 
485 
144 2257 1570 3185 
1819 489 562 3843 
488 
3978 491 469 
1729 490 2259 
330 
1227 757 494 
723 493 
496 
495 
498 
224 497 3076 
297 3722 1629 
1603 357 
2792 3891 502 
501 2398 349 
504 2253 
125 503 
2560 506 2558 
505 
289 508 
507 
510 511 
509 
729 509 
513 
512 
515 
514 
517 518 
516 
3491 516 
520 
519 
522 
521 3390 
524 
523 
356 
527 
886 526 
529 
528 
531 
530 
533 1902 3375 
1106 532 
908 535 
534 
1408 537 3464 1407 
536 
539 
538 
541 542 
540 
540 543 
542 
545 
544 
547 
546 
549 
548 
947 551 
922 550 
43 
554 
553 2431 
3578 556 2669 
3248 555 751 
344 558 
557 1167 
560 561 
735 559 
559 
488 1819 
564 2941 
563 
566 
565 
568 1912 957 
567 
412 413 1918 
2864 33 
572 
1168 571 
641 574 
573 
576 1783 
575 
578 1068 1959 
577 813 
626 580 
579 
582 
581 
56 1142 3590 
585 
584 
587 
586 
849 2356 93 589 
2306 588 
591 
590 
593 
592 
595 
594 
442 
598 
786 1924 597 
600 
599 
602 
601 3299 3165 
456 
84 
606 
605 
608 
607 
610 
609 
612 
1545 611 2036 
614 
613 
3 4029 
1184 617 
616 1188 
619 
618 
3354 141 
622 623 
621 
621 
2713 435 332 
848 626 970 958 343 
625 579 
628 
627 445 
920 630 4079 
3016 629 3015 
632 
631 
634 711 
633 
636 335 
635 1812 
638 
637 959 
640 3592 3591 
3592 639 
1082 573 
643 644 1589 
642 645 
642 1589 2366 
643 2342 646 
645 2342 
648 302 
647 
650 
649 4053 
2747 652 
651 2747 
876 654 
653 1406 
656 
655 
658 918 
657 1594 477 
660 
659 
106 
1244 173 663 
362 662 
665 
664 
667 676 1093 
666 
2972 4 
670 
1276 669 2455 
672 673 
1513 671 
1514 671 
675 
674 973 
666 133 677 
336 676 
884 125 
680 681 2154 1849 
1850 679 
679 
58 
684 3079 
1169 683 2077 
248 2900 
687 
686 
689 732 
688 
691 4085 
690 
693 
692 2253 
433 
696 697 
695 
906 695 
699 
698 
701 
700 
703 
702 
705 815 
704 1141 
465 818 817 
708 
707 
3596 710 
709 
633 
713 
712 
715 796 
714 3060 
717 
716 894 895 
720 221 933 719 
718 
718 
722 
721 1119 
1185 494 
725 
724 
728 727 
2272 2017 1957 726 
3816 726 
511 
115 731 116 
730 2063 
688 946 
746 1532 1914 734 
2308 733 2309 
560 
425 
738 2228 
737 
407 
741 
740 
2890 743 
742 
256 2395 1318 
34 
733 
748 
747 
750 751 
749 
556 749 
66 
754 
753 3213 3121 
756 
755 
493 
1977 1911 759 
758 
761 1147 
760 
283 155 
764 
763 765 
764 
767 
1105 1106 766 
769 
768 
771 
770 
773 
881 772 
470 775 
1762 166 774 
193 1053 777 
776 2025 778 
777 779 3899 1239 
778 
1163 781 
780 
1145 783 
1146 782 
785 3171 1270 
784 2216 449 
598 
162 
1652 789 
788 
1080 791 
790 
793 
792 
1429 4014 447 
409 212 
304 1129 714 1068 
798 799 
3177 1850 797 
804 797 
65 3403 801 
800 3624 
273 2148 
2812 804 
803 799 
806 
805 
808 809 2098 
3238 807 
807 
147 
812 1054 
811 
480 578 
327 
704 
817 818 
816 706 
816 706 
820 1471 
819 
241 822 
821 
824 2155 
3689 823 
8 
827 
826 4050 
829 830 166 
1761 828 
226 828 
832 1030 
2979 831 
834 2054 
833 
836 
2370 835 
2346 838 
2945 837 
840 
839 
1240 842 
841 
2003 844 845 
2537 843 2548 
241 843 2292 
847 
2963 846 
625 1308 222 
850 588 950 
849 1436 2437 
2945 852 3678 
851 2605 
854 
42 853 
856 2012 
1180 855 
293 
3153 1343 1342 55 
860 
3123 859 
862 
861 
864 987 2548 
2723 2548 863 
49 1261 
867 1223 243 
866 1676 
49 2612 869 382 
1896 868 381 
67 
872 2208 3062 
2399 871 
874 875 3734 
873 
873 3516 2156 2710 
653 
2105 2741 878 
877 
880 
2113 879 
773 
1826 883 2389 239 
882 1251 258 
678 
305 
2702 527 
888 1522 1523 
178 175 887 
890 
889 
892 
891 
32 1200 
2864 717 
896 3292 717 
897 3846 895 
896 
3251 899 277 1431 
898 1431 
1177 901 
900 3470 
903 
902 
905 
904 
697 1204 
439 
534 
910 
1233 909 
446 
913 
912 
915 
914 
917 959 
1283 916 
657 919 
174 918 
921 629 
920 
551 
2321 924 
923 
2017 926 
1555 925 
928 
1961 3772 927 
930 
929 1164 
3740 932 
931 
718 
221 1502 1501 
936 2172 2173 
935 
938 3763 
937 
2594 83 2614 
448 3121 2756 
942 
941 
944 
1604 943 
946 
945 1339 732 
550 
949 
2899 948 
849 
952 
951 
437 
306 2310 
956 
1016 1059 955 
567 
625 
916 638 
3328 961 1765 
960 2322 
963 
962 1166 
965 1014 
1049 130 964 
353 130 973 
968 969 1078 
967 
967 
625 194 971 1101 
970 972 285 
971 251 
2883 675 966 
976 975 
974 
3620 974 
978 
977 
309 
118 
982 
981 
984 
983 
986 
985 
988 863 
2224 987 3859 
990 
989 
459 
993 
992 
308 3135 
996 3830 
2512 995 1141 1789 
3174 998 3173 
997 1839 
1000 
999 
1296 1002 1003 
1001 3875 
1001 2220 
1648 1292 1005 1006 
2728 1004 
1648 1004 
1008 436 
1007 
1010 3669 
1009 
360 
3936 3937 421 
1014 
964 1013 
1016 
200 956 1015 
183 
3088 66 
1020 
1019 
1904 3275 1022 
2817 3036 1021 2581 
2376 205 
1025 2956 449 
1024 
1176 426 2858 1954 
1028 
1027 
209 
3899 2979 1148 831 
1032 
1031 
26 
1035 2606 
1034 
3004 1037 
1036 
1651 115 
1040 
1039 
1042 
1041 2027 
2557 3580 149 1221 
1045 
1044 
389 
1048 
1047 
1050 965 
1049 
3995 2323 1052 
1051 
776 193 252 
811 3267 1055 
1054 
1057 
1056 
1059 
1058 956 1413 
1061 
1060 
1063 
1062 
1065 
1064 380 2573 
1067 
1066 
1960 577 796 
3820 1070 150 
2977 2674 1069 
441 
1073 
1072 
1075 
1074 
4019 1077 
1076 
967 
1080 
2655 790 1079 
466 1411 2599 
641 1267 1644 3641 2297 
1641 3635 1084 
1083 
1086 
1085 
1088 446 
1087 
1090 2133 
1089 
2913 3506 1092 
1091 
666 
274 2898 
1096 
1095 
1098 3323 
1097 
1100 2727 
1099 1486 
970 
481 3523 3895 
1104 
2536 1103 
767 
533 767 
1108 
1107 
6 3470 1110 303 
3041 1109 
1112 
1111 
1114 1115 
1113 
1113 
1117 1118 
1116 
1116 
722 
1121 
1120 
1123 
1122 
3652 1125 1126 
3224 2460 1124 2937 
4049 1124 
1128 3625 3690 
1127 
1960 3060 796 
1131 
1130 
363 1133 
361 1132 1991 
285 
1136 3583 
1135 
1138 
1137 3994 
1140 
1139 
705 996 
3591 583 1143 
1142 
145 
2552 1146 782 
1880 1145 783 
760 
1030 
1150 
1149 
1152 300 
3394 1190 1151 
126 1583 
2010 1155 
2737 1154 
69 
1158 
1187 1157 1750 
1160 
200 3066 1159 
1162 
1161 
780 
1402 1165 930 
1164 
2307 963 
558 
572 2135 
1714 684 
2016 1171 
2808 1170 
299 3702 
1283 1174 
1173 
82 
1026 
900 
1179 
1178 
856 
1182 1183 
1181 
1181 
616 
723 
1187 1542 2278 
1186 4069 1158 
617 1189 2111 
1188 
1152 301 
246 
375 
1194 
1193 
1196 
1195 
238 3127 
1433 1199 
2637 1198 
1201 893 
1200 3669 
1203 
1202 
906 
1206 
1205 
1208 
1207 
1210 2543 1847 
1209 1587 1931 2281 
1212 
1362 1211 
267 
1215 
1214 
1217 
1216 
403 
2282 1220 
1219 
1043 1222 
1221 
1224 866 
1223 
336 2299 
1227 1228 
1226 493 
1226 
1800 1531 1286 1230 
1229 
1232 2217 
3450 1231 
2729 910 
1235 
1234 
1963 1237 3701 
1236 
404 
778 404 
841 
437 
1243 
1242 1860 
362 662 
1246 
1245 
1248 
1247 
3176 1250 
1249 
883 
1774 1253 1558 
1252 1254 
1253 
1256 3105 2472 
1255 
1784 1258 
1257 1551 
1260 
1416 2840 1259 2684 
865 
1263 
1262 
1265 
1264 
1267 
1266 1082 1309 
1269 2382 
3089 1268 3693 2382 
784 3699 
1272 
3398 1271 
1274 
1273 1275 
2092 1274 1276 
1275 670 3183 
3690 2484 1278 
1277 
1280 
1279 
1282 
1281 
2588 917 1173 
1285 3414 2039 
1284 
3132 1229 
1288 3199 2655 
1287 
1290 2550 2607 
3424 1289 2639 
1698 2939 1292 
1291 1004 1293 
1721 2915 1292 
2675 1295 
2099 3173 1294 
1297 2100 1001 
1296 2425 1298 
2863 1297 1299 2689 
1298 1734 
2888 1301 
2008 1300 1302 
2268 1301 
1304 1907 
2716 1303 
1306 1947 3842 
1305 
1308 
848 1307 2527 
1616 1267 
2114 1311 
2090 1310 
446 2775 
1921 1314 3707 
1313 2009 
1316 
1315 
398 1318 
744 1841 1317 
1320 
3614 1319 
1322 1958 
1321 2639 
1324 
1402 1323 
3046 1326 
1325 2327 
1328 2485 
1921 2485 1327 
1330 
1329 1331 
1330 
1333 
1332 
3233 1703 3227 1335 
1334 
18 
1338 398 
1337 3894 
946 1557 
2828 1341 
1340 
858 1581 1343 
858 54 1342 
1345 2326 
1344 3139 
2138 1347 
1346 1348 3630 3990 
2809 1347 
2324 1350 
1409 1995 1349 1351 
1350 
1353 
1352 
1355 2564 
1354 
1357 1798 
1356 2663 
1359 
1358 
1361 2878 
1360 
1212 3413 3927 
1364 
1363 
1366 
1409 1703 1365 1367 
3728 1780 2324 1366 
1369 
1368 2511 
369 
369 
1546 1373 
1372 
1375 
1374 
81 
1378 
1377 
238 
1381 
1380 1382 
1381 
1384 3131 
2970 1383 
77 78 
1387 
3160 1386 
1389 
1388 
1391 
1390 
3184 260 
1394 2070 
1393 
1396 
1395 2989 
1398 
1868 1397 1399 
1400 1398 
1401 1399 
1400 2096 
1324 1164 
1404 
1403 
1406 
1405 654 
536 
536 3973 
1410 2324 1350 1366 
1409 
1081 1412 
1411 1759 
1059 1414 
2660 1413 1415 
2450 85 1414 
1417 1260 3321 
1416 40 
40 3416 
2561 1420 
1809 1419 2755 
1422 
1421 
1424 
393 1425 1746 1423 
1424 1426 
1425 
1428 
1427 
794 3979 1430 2775 
1429 1677 
898 899 277 
242 2235 2236 
1198 
1435 
1434 
2436 850 364 
1689 1438 
3038 1437 1854 
1440 
2280 1439 
1442 3483 
1441 
1444 2319 
1443 
2422 1446 
1832 1859 1445 1469 
1448 1972 
3709 2037 1447 
1450 
1449 1572 3897 
1452 
4025 1451 
2233 190 
2639 1455 
2254 1454 
1457 2780 
1456 1739 
1459 2940 
1458 
1461 3605 
2260 2258 1460 3442 
1463 
1464 1462 
1463 
1466 
1465 1467 
1969 1466 1468 1970 
2176 2992 1467 1469 
1468 1446 1470 1831 
2642 1469 2422 3850 
819 2814 
1473 
1472 
1945 1475 2789 2375 
1474 2789 2686 
1477 
3976 1476 
1479 
1478 
1481 
1480 2875 2501 3182 
1483 2364 2733 1663 
1482 1835 3125 
2816 1485 
4012 1484 2951 
1899 1100 3733 
1488 2776 3020 
1487 
1490 
1489 
3712 1492 
2618 1491 
2980 1494 
2320 1493 2094 3343 
1496 2802 1516 
3017 1495 
1498 
1497 3269 
3018 1500 
1499 
3993 934 
1630 934 
1504 
1503 
1506 
1505 
2 
1509 
2964 1508 
2254 1511 
3857 1510 3279 
1513 
1512 672 2374 
673 1515 
1514 1835 
1704 1495 
2416 1518 
1517 
1520 1908 
2828 3549 1519 
1522 
1521 1523 887 
1522 1524 887 
177 1523 2807 
176 1544 1526 
176 1544 1525 
1528 4066 
3724 1527 
1530 1909 
1529 
3475 1229 
2335 1533 733 
1532 
3291 1535 
2088 1730 1534 
1537 1962 
1536 3328 1538 
1537 
1540 
1539 
1745 1542 2343 
2298 1541 1186 
1544 
1525 1526 1543 
612 
2401 1372 1949 
1548 
1547 
1550 
1549 4013 
1258 
1553 3805 
1552 2496 
1904 1555 2581 
1554 926 
1557 
1339 1556 
1252 3215 
1560 2063 
2266 1559 
1562 
1561 2500 
1564 
1563 3035 
3346 1566 
3359 1565 1567 
2553 2373 1566 
1569 
1568 
2960 487 
3992 1572 3295 
3708 1450 1571 2916 3295 
2035 438 1574 
1573 1575 
1576 1574 
1575 
1578 
1577 
1580 
1579 
1342 1582 
3904 1581 
1153 126 
1585 
1584 1586 
1585 
1210 1588 2834 1847 
1587 
2772 3210 644 2773 642 
2166 1591 
1590 
1593 
1592 2024 
658 
1596 
1595 
1598 
1597 
1600 
1599 
1602 
1601 3465 
2009 2674 500 
944 
2446 1606 2447 
1605 439 
79 
1609 1682 
1608 1757 
1611 2341 
2473 1610 
1613 3671 
1612 2703 
3567 1615 
1614 
1309 
1618 
1617 
1620 
1619 
2457 1622 
1621 
1624 4046 
2283 1623 
1626 2734 
2579 1625 171 
1628 117 78 
2369 1627 
499 3428 
3274 1918 1502 
386 341 
1633 
1632 
1635 3188 
1634 1636 3650 
2401 1635 
1638 
3689 4003 1637 
1640 2509 
3102 1639 
1083 
1643 2285 
1642 2388 
1082 3651 3662 
4065 298 
298 
2232 189 
1699 1004 1006 
1650 3118 
1649 
1038 
788 1653 3703 
1652 
2430 1655 
2102 1654 2415 
1657 3075 3076 
1656 2873 
1659 
1658 
1661 
1660 1662 
1781 1661 1909 
1664 1816 1482 2365 
1665 2732 2389 1663 
1664 
1667 
1666 
3736 3092 310 
1670 3687 
2688 1669 3063 
1672 1897 2349 
2191 1671 
13 
1675 13 
1674 
867 
2774 1430 2775 
1810 2978 1679 
1739 1678 1787 
232 1681 
1680 3828 2589 
1608 1683 
1682 1757 
1685 
1684 
1687 
2788 1686 
1689 
1688 1437 
1691 3247 
1690 
1693 
1692 
2197 1695 
1694 
1697 
1696 2066 
1291 2100 
1648 
1701 
1700 1702 
1701 2246 
1779 1780 1334 1366 
3120 1516 
1706 1814 
1705 
3612 1708 
2698 1707 
2981 1710 
1709 
216 
1713 2493 
1712 2545 3163 
3672 1169 
1716 2741 
1715 1717 
1716 2494 
3814 1719 
3152 1718 
1721 2327 
1720 2409 1293 
3411 1723 2078 
1722 2731 2510 2511 
1725 
2387 1724 1846 
3768 306 
1728 3413 
1727 
491 
3953 1535 
186 
3170 1733 1799 
3457 1732 1799 
1299 1735 
1736 3466 1734 
1735 
1738 
1737 
1457 1679 
3898 3615 1741 2183 
1740 
1743 
1744 3048 1742 
3194 1743 
2835 1541 
1424 
443 
443 2277 
1750 
1749 1158 
1752 
3500 2245 1751 
1754 2878 
1753 
1756 2303 
1755 1828 
1609 1683 
318 2567 
1760 2456 1412 
2199 3971 1759 
1762 829 166 
1761 775 
1764 
1763 1765 
960 1764 3847 
1767 
3250 1766 
1769 3711 
1768 
1898 1771 4076 2191 
1770 
1773 
1772 
41 1252 343 
1776 
1775 
1778 3229 
1777 
1703 
1367 1703 
1662 1782 
1781 2038 
3956 2309 575 
1257 3050 2663 
3200 1786 
1785 
2889 1788 1679 
1787 2821 
996 
1791 
3045 1790 
1936 1793 186 
1792 
1795 
1794 
3347 2979 1797 2182 
2916 1796 
3970 3387 1356 1799 
1732 1733 1798 
2656 1229 
1802 3356 1838 1831 
1801 2642 3863 2361 
1804 2966 
1803 2134 
1806 
1805 
1808 2042 
2350 1807 
1420 
1811 1678 
1810 
636 
1814 
1705 1813 
1816 3126 
1663 1815 
2329 1818 3454 2510 
1817 
2768 488 562 
459 2236 2021 
1822 
1821 
1824 
1823 
1826 239 
1825 3002 1827 882 
1826 3003 
1756 1829 
1828 1830 
1829 
2992 1801 2642 1469 
1833 2764 1446 2001 
1832 2641 3679 
3219 237 2365 
2364 1483 1836 1515 
2363 2826 1835 1837 
2200 2362 1836 1838 
1801 2361 1837 2845 
1840 998 4015 
1867 1839 
2442 398 1318 
1843 2052 
3337 1842 3115 1844 
3985 1843 30 
30 
1725 
1209 1587 
248 2229 247 
2528 1850 2386 679 
680 1849 3069 798 
1852 
1851 
359 
2957 1438 
1856 3106 
1855 
1858 
1857 2813 
2176 1446 
1243 
340 468 
3047 1863 
4048 1862 
1865 2132 
1864 2032 
1867 
1840 1866 3375 
1869 1398 
1868 
1871 
1870 
1873 
1872 3451 3919 
1875 
1874 3261 
2666 1877 
1876 
1879 
1878 
1146 
1882 
1881 2521 
1884 
1883 
1886 3775 
2965 3432 1885 1887 
1886 
1889 1915 1916 
1888 
3627 1891 
1890 1892 
1891 1893 
1892 
1895 
1894 
869 
1898 2682 1671 
1897 1770 
2842 1486 
1901 
3097 1900 
532 1903 
3523 1902 
1554 1021 
1906 
1905 
3595 1303 
3530 4004 1519 
1529 1662 
1911 
758 1910 
3226 2421 567 
1914 
1913 733 
1888 3818 
1888 1917 2294 
1916 
569 1630 1919 
1920 1918 
1919 
1328 1313 1922 
3976 1921 3901 
4034 1924 
1923 598 3519 
3782 2885 1926 
1925 2335 
82 
1929 
1928 
45 
1210 
3427 1933 
1932 
1935 
1936 2213 1934 2183 
4016 1792 1935 
2097 1938 
1937 2247 
3395 2583 95 
2659 1941 
1940 
1943 
1942 
131 
2824 1474 
3545 331 
1305 
3570 1949 
1546 1948 3818 
1951 
1950 
2288 1953 
1952 
1026 1955 3515 
3616 1954 1956 2237 
1955 
3011 727 
1321 2269 
1960 577 
1129 1068 1959 
928 1962 
1536 1961 3477 
1236 1964 3701 
1963 1965 
1964 
1971 2845 1967 
1968 2200 3810 1966 
2826 2374 1967 
2176 1467 
2992 2952 1467 1971 
1984 1970 1966 1983 
1447 
2152 3374 1974 2151 
124 1973 
1976 2811 
1975 
1978 758 
1977 
1980 
1979 1981 
1980 
1983 
1971 1982 
1971 
1986 2293 
1985 1987 2724 
1986 1988 2165 
1987 
3854 1990 318 3855 
1989 3550 3551 
2712 1133 
1993 
1992 
1995 
2576 1994 1996 1350 
1995 
1998 
1997 
2000 
1999 
1832 2641 2285 2422 
2121 179 
843 2004 
2003 
2006 
2796 2005 
2008 
1301 2007 
1314 1603 2223 
1154 2011 2967 
2736 2010 
855 
2638 2014 
3004 2013 3005 
2016 3161 
1170 2015 
2464 925 727 
185 2230 
2020 
2019 3526 
426 1820 2237 
2023 
2022 
1593 2959 
777 252 
2027 
2026 3355 1042 
2825 2029 
2506 2028 2198 
2241 3395 61 2031 
2030 
1865 3107 2647 
2034 
2033 2035 
2034 1573 
612 3085 
1448 
1782 
3691 1284 
2041 
2040 2058 3756 
2349 1807 
2044 
2043 
2046 
2045 
2048 
2047 
2050 
2049 
2052 
1842 2051 2053 
2052 
833 2055 
3892 2054 
3465 78 
63 
2041 2549 2518 
3898 2060 3735 
2059 2751 
2062 
2061 
731 1559 
2065 
2064 2379 
1697 2818 
400 399 
401 2069 
402 2068 
2336 1393 
2072 2788 
3478 2071 
2833 2074 
2073 2345 
3684 2076 2965 2966 
2075 
684 3078 
1722 
2080 2971 
2079 
3996 2082 2588 
2081 
2084 
2083 
411 
2087 
3172 2086 
3114 2675 1535 
294 
2091 2715 1311 
2090 
1275 3420 2093 
2092 2549 2494 2815 
3252 3253 1494 2095 
2094 
1401 2097 
2096 1937 3308 
3025 807 
1295 
1296 1698 
2102 
2101 1655 
65 
2105 
2104 877 
2107 2190 3111 
2106 
2109 
2108 2110 
2109 3879 
1188 
2113 
2112 880 413 
2346 1310 
2116 
2115 
2118 
2117 2613 
2120 
2819 2820 2119 
2002 
2123 
2122 
3585 2125 
2131 2124 2942 2359 
3208 4057 2127 
2126 
2129 
2128 
2131 3244 
2130 3955 2125 
1864 2523 
1089 3429 
1804 
1168 2136 
2137 2135 
2136 
1346 3630 
2140 3623 
2139 
2142 
2141 
2144 
2143 
2146 
2145 
201 
802 
2150 
2149 
2227 1973 4047 
2153 1973 
2152 
679 
3380 823 
82 875 
2744 3342 2158 
2157 2159 
2158 
2161 3394 3501 
2160 
2163 2165 
2162 2164 
2163 
2162 1987 3539 
3386 1590 
289 3068 
2169 
2168 3845 
3496 2171 3831 
3496 2170 
935 
935 
3969 2175 
2174 
1969 2994 1859 1468 
2178 
2177 
2180 
2179 
2182 
3800 1796 2181 2933 
1740 1935 
2185 3622 
2184 
2187 
2186 2188 3002 2894 
2187 3750 
3216 2190 
2106 2699 2189 
1672 1770 
2193 
2192 3509 
2195 
2194 2196 
2195 
1694 
2456 2029 2199 
1760 2198 
1837 2845 1967 
2202 2394 
2201 2259 
2204 3199 
2203 
2206 
3372 2205 
2208 3518 3062 
871 3508 2207 
2210 
2209 
2212 
2211 
1935 
2215 
3284 2214 
785 3078 
1231 
2219 
2218 
3163 1003 
2222 
2221 
2009 
988 
2226 
2225 
3270 2151 
737 
1848 248 2235 246 
2018 2237 2238 
2232 187 
2233 1647 188 2231 
2232 2234 1453 191 
2233 
1432 2229 245 
1432 460 1820 
1955 2021 2238 2230 
2237 2230 
2240 
2239 
2613 2030 
2243 
2242 
3512 2245 
1752 2244 2517 
1702 2247 
2497 1938 2246 
2249 
2248 3195 
2251 
2250 2252 2461 
2251 2822 
693 503 
1455 1510 2255 
2256 2780 2254 
2485 3214 2255 
3185 487 
2259 1461 111 
2258 491 2202 111 
1461 2471 
2262 
2261 
2264 3349 
2265 2726 2263 
2264 
1560 
2268 2717 
2267 2749 1302 
1958 
2271 
2784 2785 2270 
727 
2274 
2273 
2276 
2275 
2536 1748 
1186 2279 
2278 
1440 2591 
1210 2325 2543 
1219 
1624 
3851 2285 2422 
2001 1642 2284 
2287 
2286 
1952 
2290 
2289 
2292 
2291 845 
1985 2532 
1916 
2296 3417 2351 
2295 
1082 3651 
1542 
1225 
2301 
2300 
2303 
1755 2302 
2305 
2304 
589 
2520 1166 2519 
2309 734 4085 
2308 734 1783 
954 2918 
2312 2499 
2313 2311 
2312 
2640 2315 
2314 2316 2991 
3945 2315 
2318 
2317 2319 
1443 2318 
1494 
2322 923 2412 
3969 2321 961 
1051 
1409 1349 1367 
2281 2575 
1344 
1720 1326 
2329 3222 
2328 1817 3652 
2331 
2330 2332 
2331 
2334 
2333 
1532 1926 
2070 
4033 2338 
3856 2337 
2340 
2339 
2473 1610 
645 646 
1541 
2345 2599 
2344 2074 
2114 837 
2348 
2347 
2042 2350 1671 
1808 2349 
2359 2573 2295 
2353 
2352 
2355 
2354 
588 
2358 
3627 2357 
2360 2125 2351 
2359 
2362 3138 1802 1838 
2361 2363 1837 3989 
1836 2362 2364 3369 
1835 1482 2363 2982 
1834 239 2389 1663 
644 
2368 
3782 2367 
4058 1628 3117 
2752 836 
2372 
2371 
3457 1567 
1968 1513 2827 
1474 
1023 
2378 
2377 3621 
2624 2065 
2381 
2380 
1268 1269 
106 2566 
2385 
2384 
1849 
1725 
1643 
1664 882 2365 
2487 2391 
2390 
2393 3666 2478 
2392 
2201 2395 
744 2394 
3035 2397 
3034 2396 
3124 502 
872 3242 2788 
2401 2889 
2400 1546 1636 
2403 
2402 2404 
2403 2405 
2404 
424 
2408 
2407 
64 1721 
3218 2411 
2410 2412 
2321 2411 3111 
2414 
2413 
3049 1655 
2417 292 1517 
2416 2418 
2417 3130 3471 
98 
2421 
1912 3200 2420 
2001 2284 1445 1470 
2424 
2984 2423 
2728 1297 
3308 2427 3636 
2426 
2429 
2428 
1654 
554 
2433 
2432 
2435 
2434 
364 1436 
850 
2439 
2438 
2441 
2440 
1841 171 
2444 2623 
2443 3067 
2446 
2445 1605 
1605 
2449 3910 
2448 2905 
1415 
2452 
2451 
3033 2454 
2453 3189 
670 
2198 1759 
1621 
2459 
2458 3322 2814 
1125 
2251 
2693 2463 
2995 2462 
2017 
2466 
2465 3276 3300 
2468 
2467 
2617 3966 2470 
2469 
2472 2755 2260 
1255 2471 
1611 2341 
2475 3685 
2474 
456 4084 2477 
2476 
2392 
2480 2711 
2479 
2482 3628 
2481 2483 3525 
2482 
1277 
2256 1328 1327 
2487 
2390 2486 
8 
2490 
2489 
2492 
2985 2491 2493 
1712 3817 2492 
2867 2093 1717 2495 
2494 
1553 
2498 2247 
2497 
2311 
1562 
1481 
2503 
2502 
2505 2951 
2504 3194 
2507 2580 2029 
3524 2506 2580 
2509 
2508 1639 
1817 1723 2731 3222 3223 
1369 1723 
996 
2514 
2513 2515 
2514 2516 
2515 
3571 2245 
2058 3420 
2307 
2530 2307 
2522 1882 
2521 
2803 2132 
2666 2525 
3626 2524 
3469 3614 2527 
1308 2526 
1849 3670 3177 
3529 2530 
2520 2529 3306 
2532 150 151 
2531 2293 2990 
2534 
2533 2535 
2534 
1104 51 2277 
844 
2539 
2538 2540 
3416 2593 2539 4059 
2636 2542 
2541 
2281 2950 1209 
2545 
2544 1713 
2547 
2546 
864 844 863 
2058 3420 2093 
1289 2551 
2861 2550 
1145 
2554 1567 
2553 
2556 
2555 2574 
1043 
505 2559 
2560 3757 2558 
505 2559 
3840 3465 1419 
2563 
2562 
1354 3051 2565 
2564 2735 
2383 
1758 
2569 
2568 2570 2795 2794 
2569 
2572 
2571 380 
408 1065 2351 
2556 3751 
2576 3617 2325 
1995 3460 3461 2575 
2578 
2577 
1626 2580 2734 
2506 2579 2507 
1554 3972 1022 2582 
2581 
1939 
2585 
2584 
2587 
2676 2586 2588 
1283 2081 2587 
1681 3151 
2591 
2592 2280 2590 
2591 
2540 
939 
2596 3175 
3122 2595 
2598 
4016 2597 3615 
2344 1081 
2601 
2600 2602 3149 
2601 
2604 
2603 
852 
1034 
1289 
2609 
2608 
2611 3894 
2610 2958 
868 
2241 61 2118 
939 
2616 149 
3783 2615 
2469 
2776 1492 3677 
2620 
2619 
2622 
2621 
2443 3067 
2625 2379 
2624 3003 
2627 3110 
2626 2628 3109 3110 
2627 3459 
2630 
2629 
2632 
2633 2631 
2632 
2635 
2634 
2541 
1199 
2013 
1322 1290 1454 
3017 2314 
2001 1833 
1802 3058 1470 1831 
2644 
2643 2862 
3172 2646 
2645 
2648 2032 
2647 
2650 
2649 
2652 
2651 
2654 
2720 2653 
1080 3179 1287 
1800 3476 
2658 3054 3055 
2657 3705 
1940 
1414 3719 
2662 
2661 
1784 3345 1357 
2665 350 
2664 
2524 1876 
2668 
2667 3980 
555 2670 
3520 2669 2671 
3520 2670 
2673 
2672 
1603 1070 
2088 3093 1294 
2587 
29 2678 
378 2677 
2680 
3497 2803 3132 2679 
2682 2926 
2681 3822 1897 
3256 2684 2909 
2936 2683 1260 
2686 
1475 2685 2789 
2688 3317 
1670 2687 
4032 1298 
2691 3406 
2690 3474 
2995 2693 
2692 2462 
2695 
2694 
2697 
2696 
1708 3167 
2190 
3323 2701 
3714 2700 
886 
1613 
312 2705 3083 3609 
2704 
2707 3951 
2706 
2709 
2708 
83 875 
2479 
420 1991 
624 2944 3350 
113 435 
2090 
1304 3214 
2267 
2719 
3296 2718 
2654 
2722 4013 
2721 
864 
1986 2725 
2738 2724 
2264 
1099 
2425 1005 
1233 2730 
2729 
2936 1723 2510 
1664 2733 
3900 1482 2732 2982 
1625 2579 3257 
2565 
2737 2011 
2736 1155 3108 
2725 3077 
2740 
2739 
1715 877 
2743 
2742 
2745 3338 2157 
2744 2746 
2745 
651 652 
2749 
2268 3723 2748 
2751 
3515 2060 2750 
2370 
2754 
2753 
1420 2471 
940 2901 
2758 
2757 2759 
2758 
2761 
2760 
2763 
2762 3343 
1832 
2766 
2765 2767 
2766 
1819 
340 
2771 
2770 2799 
1589 3286 
1589 
3648 186 1677 
1312 1677 1429 
2777 2618 1487 
2776 4070 
2779 3127 
2778 
1456 2781 2255 
2780 
2783 
2782 
2271 
2271 
2787 
2786 
2399 1687 2071 
1474 1475 2686 
3586 2791 
2790 
501 
2794 
4064 2793 2569 
2569 3166 
3209 3210 2006 
2798 
2797 
2800 2771 
2799 
2802 
2801 1495 
2680 2523 
2805 
3178 2804 
2807 
1524 4038 2806 
1171 
1348 3630 
2811 
2810 1975 
803 
1858 3957 
2459 1471 
2867 2093 
1484 
1022 
2066 
2120 3607 
2120 3130 
1788 
2252 2823 
2822 
1945 
2028 
1968 1836 
2374 
1520 1340 3759 
3613 2830 
2978 2829 
2832 
2831 
2073 
1587 
1745 
2837 
2836 
39 
39 
2841 1260 
2840 
2874 1899 
2844 
2843 3556 
2200 2993 1966 1838 
2847 
2846 
2849 
2848 
2851 3332 
2850 
2853 
2884 2852 2885 
2855 
3710 2854 
2857 
2856 
1026 
2860 
3907 2859 
2551 
4041 2644 
1298 
570 894 
2866 
2865 
2494 2815 
2869 
2868 
18 3434 
2872 2873 3074 3433 
2871 
1657 3075 3430 2871 
2960 2842 
1481 2876 
2875 
2878 
1360 1753 2877 
2880 
2879 
2882 
2881 
973 
2853 
2853 1925 
396 2887 
3450 2886 
1300 
2400 1787 
3644 742 
2892 3678 
2962 2891 
2894 
2187 3164 2893 2895 
2894 
2897 
2896 
1094 
949 
685 2942 2943 
2756 2902 
2901 3078 
2904 3458 3607 
2903 
2449 
2907 
2906 3188 
2909 
2683 2908 
349 
2912 
2911 
2914 1091 
2913 
1293 
1572 2917 1797 
2916 
3802 2310 
2920 4074 
2919 
2922 
2921 
2924 
2923 3374 
2926 
2681 2925 
2928 3608 3299 
3399 3748 2927 
2930 
2929 3209 
3364 3035 2932 
2931 
2182 
2935 
2936 2934 
2731 2684 2935 
1125 
2939 
2938 1291 
1458 
563 
2900 2125 
2900 3926 
2713 154 
851 838 
2947 
2946 
2949 
2948 
2543 
2504 1485 
2953 1970 
2952 
2955 
2954 
1024 
1854 
2611 
2024 
2961 2874 1570 
2960 2962 
3424 2961 2892 
3150 847 
1509 
2075 1886 
1803 3929 2075 
2010 
2969 
2968 
248 1384 3417 
2079 
668 
3241 2974 
2973 2975 
2976 2974 
2975 
2978 3613 1070 
2977 1678 2830 
832 1796 1030 
1493 
1709 3373 
3999 2364 2733 2983 
2982 
2424 
3986 2492 
2987 
2986 
3801 2989 
1396 2988 
3707 2532 
2315 
2993 1970 1468 1831 
2992 2845 
2176 
2692 2463 
2997 
3320 2996 
3148 2999 
2998 
3001 
3000 
3673 1826 3003 2187 
2625 3002 1827 
1036 2014 
3736 3006 2014 
3005 3007 
3006 
3009 3348 
3008 
3011 
3010 1957 
3013 
3012 3014 
3339 3340 3013 
630 
630 
1496 3032 2640 
1499 
3020 
3019 1487 
3408 3022 
3021 
3024 3235 
3023 
2098 
3027 
3026 
3029 
3028 3030 
3029 3031 
3451 3452 3030 
3017 4045 
2453 
2397 
1564 2931 2396 
3971 3037 1022 
3036 
1438 
3040 
3039 
1110 
3043 
3042 3044 
3043 
1791 
4048 1325 
1862 
1743 
3050 2415 
1784 3049 3201 
4025 2564 
3053 
3052 
2657 
3056 2657 3706 3705 
3533 3055 
3058 3439 
3057 2642 3850 
98 
1129 715 
120 
871 2207 
1670 3271 
3065 
3064 
1160 3067 86 
3066 2444 2623 
2167 
1850 
81 
3072 
3640 3073 3071 
3072 3074 
3073 3075 2871 
1656 2873 3074 
1656 498 
2738 
2216 2077 2902 
683 
3081 
3080 3601 
3083 
2704 3609 3082 
312 
2036 3781 
3087 
3086 
1018 
1269 
3091 
3090 
1668 
2675 
3095 
3096 3704 3094 3705 
3536 3537 3095 
1901 
3099 
3098 3100 
3946 3099 
3102 
1640 3101 
3104 
3103 
1255 79 
1855 
2032 
2737 
2627 
2626 2627 
2106 2412 
3113 
3112 
2088 
3337 1843 
3117 3469 
2369 3116 
1649 3119 
3118 
1704 
754 940 
2596 
860 
2398 350 
1483 3126 3823 
3473 1815 3125 3127 
2778 3219 1197 3126 
3129 
3128 
2418 3131 2820 
3130 295 1383 
2680 1286 
3134 
3133 
994 
3137 3706 
3136 3533 
2361 3863 
1345 3140 
3139 
468 
3143 
3142 
3145 
3144 
3147 
3146 
2998 
2601 4026 
2963 
2589 
1719 
3154 858 
3153 
3156 
3155 
3158 
3157 
3160 
1387 3159 
2015 
3174 278 
1713 2220 
2894 
602 3548 
2795 
2698 
3169 
3168 
3819 1732 
784 3896 
2645 2087 
997 3174 1295 
3162 3173 997 
3945 2595 
1249 
2528 798 
2805 3279 
2655 
3490 3181 
3180 
1481 
1276 
1392 3793 
2257 3186 487 
3185 
3188 3206 
1634 3187 2907 
2454 
3191 
3190 
3193 
3192 3977 
1744 2505 
2249 3764 
3197 
3196 
3199 
2203 3198 1287 
1785 2421 
3050 4037 
3203 
3202 
3205 
3204 
3187 3207 
3752 3206 
2126 
2930 2796 
2796 1589 
3212 
3211 
754 
2256 2716 
1558 
3217 2189 
3216 
2410 3647 
1834 3127 
3688 3221 
3220 
2328 2510 
2510 
3225 1125 
3224 4049 
1912 
1334 
3229 
3576 1777 3228 3230 
3229 
3232 
3231 
1334 
3235 4007 
3752 3234 3023 
3237 
3236 
808 
3240 
3239 
2973 
2399 
3244 
2130 3243 
3246 
3245 
1690 284 
556 
3250 
3249 1767 
898 277 
3344 2094 3343 
2094 
3255 
3254 
2683 
3258 2734 
3257 
3260 
3259 
1875 
3263 
3952 3262 
3265 
3264 
3267 
3266 1054 
4000 3269 
1498 3268 
2227 
3063 
3520 3273 415 
3272 
3925 1630 
1021 
2466 
3278 
3912 3277 3911 
3178 1511 
3281 
3280 
3283 
3282 
2215 
3859 3286 
2772 3285 
3288 
3287 
3290 
3289 
1534 
895 
83 
151 
1571 1572 
3297 2719 
3296 
3299 
3298 602 2927 
2466 3301 
3300 3629 
3303 
3302 
3305 
3304 
2530 3307 
3306 
2097 2426 
3310 
3309 3871 
3312 
3311 
3648 3314 
3313 
3316 
3315 
2687 
3319 
3318 
2997 
1416 
2459 
1097 2700 3713 
3844 3325 
3324 
3327 
3326 
960 3329 1537 
3328 4052 
3331 
3330 
2850 
3334 
3333 
3336 
3335 
1843 3115 
2744 3339 
3737 3338 3014 
3644 3341 3014 
3715 3340 3342 
3954 3341 2157 
2763 3803 3252 1494 
3252 
3457 3346 2663 
3345 1565 
1796 
3008 
2263 
80 2713 3382 
3352 
3351 
3354 
3353 620 
2027 86 
1801 
3358 
3357 
3360 1566 
3359 
3362 
3361 
3364 
2931 3363 
3366 
3365 
3368 
3367 
2363 
3371 
3370 
3822 2206 
2981 
2924 1973 
1867 532 
3377 
3376 
3379 
3378 
2155 
3382 
80 3381 3350 
3384 
3383 
3880 3386 
3385 2166 
1798 
3389 
3388 
522 
3392 
3664 3391 
3394 
2160 3393 1152 
1939 2030 
3397 
3396 
1272 
3400 2928 
3844 3399 
3402 
3401 
800 
3405 
3404 
2690 
3408 
3021 3407 
3410 
3409 
1722 3412 
3411 
1362 1727 
1284 
3416 
1418 2540 3415 
2970 2295 
3419 
3418 
2092 2549 2518 
3422 
3421 
3424 
2962 1290 3423 
3825 3426 
3425 
3769 4081 1932 4039 
1629 3429 
3428 2133 
2873 3433 
3432 
3480 3481 1886 3431 
3430 2871 
20 2870 
20 
3437 
3436 3438 
3850 3437 
3440 3057 3863 
3439 
3442 
3441 1461 
3444 
3443 
3446 
3445 
3448 3665 
3449 3447 
3448 
1232 2887 
1873 3031 
168 3453 3031 
3452 
1817 
3456 
3455 
3345 1733 2373 
4027 2903 
2628 
2576 
2576 
3463 
3462 
536 
2056 2561 1602 
3664 1735 
3468 3525 
3467 
3116 2526 
901 1109 
2418 3924 
3473 
3472 3126 
2691 
1531 
2656 
1962 
2072 3479 
3478 
3432 
3432 
165 
1441 
3485 
3484 
3487 
3488 3486 
3489 3487 
3488 
3180 
518 
3493 
3492 
3495 
3494 
2170 2171 3831 
2680 
3499 
3498 
1752 
2160 
3503 
3504 3502 
3505 3503 
3504 
1091 
3508 
2208 3507 3948 
2193 
3511 
3510 
2244 
24 3777 3860 
24 
3616 1954 2751 
875 
3893 3518 
3517 2207 
1924 
3272 2670 2671 
3522 
3521 
1102 1903 
2507 
2482 3467 
2020 
3528 3714 
3527 
2529 3547 
1908 
22 
3574 22 
3056 3137 3706 
3535 
3858 3534 
3096 3705 
3096 
85 
2165 
3541 
3540 214 
203 
3544 
3543 
3546 1946 
3545 3758 
3529 278 
3165 
1520 
1990 
1990 
3553 
3552 
3555 
3554 
2844 
141 
3559 
3558 
3561 
3560 
3563 
3562 3564 
3563 3565 
3564 
149 
1614 
3569 
3568 
1948 
2517 
3573 
3572 
3777 3532 21 
21 
3229 
3578 
3577 555 
3580 
1043 3579 
3997 3582 
3581 
3584 3680 1135 
3583 
2124 
3873 3587 2790 
3586 
3589 
3588 
583 
1142 639 
640 639 
3594 
3593 
1907 
709 3597 
3596 
3599 
3598 
25 
3081 
3603 
3602 
3605 
1460 3604 
67 3758 
2819 2903 
95 2927 
2704 3083 
3611 
3753 3610 3754 
1707 
2977 2829 3686 
1320 2526 
3616 1740 2598 
3515 1955 3615 
2575 
3619 
3618 
976 
2378 3677 
2184 
2139 
801 
1127 
3674 2525 
1890 3628 2358 
2481 3627 
3301 
2809 2138 1347 3991 
3632 
3633 3681 3631 
3632 3634 
3633 
1083 
2426 4068 
3638 
3637 
3640 
3072 3639 
1082 
3643 
3642 
2890 3340 
3646 
3645 
3218 
3649 2774 3313 
3648 
1635 
2297 1644 3661 
2329 1124 3653 
3652 
3655 
3654 
3657 
3656 
3659 
3658 
3661 
3651 3660 
1644 
442 
3392 3466 3908 
340 3447 
2392 3727 
3668 295 
3667 
1009 1201 
2528 
1612 
1714 
3002 3755 
3626 
3676 
3675 
2618 3621 
851 2891 
1833 
3681 3683 3742 3583 
3680 3632 
3683 
3680 3682 
2075 
2474 
3613 3726 
1669 
3220 
824 1638 
1277 1127 
2039 
175 
1269 
3695 
3694 
3697 
3696 
3699 
3698 1270 
3701 
1236 1963 3700 
1172 
1652 
3095 
3536 2658 3055 3095 
3136 4075 3533 3055 
1313 2990 
1572 
1448 
2855 
1768 
1491 
3323 
2701 3527 
3716 3341 
3954 3715 
3718 
3717 
2660 
3721 
3720 
499 
2749 
1528 
3726 
3725 3686 
3666 
1367 
178 
3731 
3730 
3733 
3732 1486 
873 
2059 
1668 3005 
3339 
3739 
3738 3740 
3739 931 
3742 
3680 393 3741 3743 
3744 3865 3742 
3743 
3746 
3745 3747 
3746 
2928 3749 
3748 
2188 
2574 
3235 3207 
3611 
3611 
3673 
2041 
2559 
3546 3606 
2828 
3761 
3760 3762 
3761 
937 
3195 3765 
3764 
3767 
3766 
306 1726 
3427 
3771 3909 
3770 3790 
928 
3774 
3773 
1885 
23 
3513 3574 23 
3779 
3778 
51 
3085 
2368 1925 
2616 
3785 
3784 
3787 
3786 
3789 
3788 
3771 
3792 
3791 
3184 
3795 
3794 
3797 
3796 
3799 
3798 
2182 
2988 
2918 
3343 
3805 
1552 3804 
3807 
3806 
3809 
3808 4028 
1967 
456 3812 
3811 3813 
3812 
4027 1718 
3816 
728 3815 
2493 
1915 1949 
3170 
1069 
264 
2682 3372 
3824 3125 
3823 
3425 
3827 
3826 
1681 
3830 
995 3829 
3496 2170 
3833 
3832 
3835 
3834 
3837 
3836 
3839 
3838 
2561 
3842 
3841 1305 
488 
3400 3324 
2169 
896 
1765 
3849 
3848 3960 
3058 3851 3438 1470 
3850 2284 
3853 
3852 
1989 
1989 
2338 
1511 
3535 
988 3285 
153 3513 
3862 
3861 
3864 3138 1802 3439 
3863 
3743 
3867 102 
3866 
103 
3870 
3869 
3872 3310 
3871 
3586 
4020 141 
1002 
3877 
3876 
3879 
2110 3878 
3385 
3882 
3881 
3884 
3883 
3886 
3885 
3888 
3887 
3890 
3889 
501 
2055 
3517 
1338 2610 
1102 
3171 
1450 
2059 1740 
778 1030 
355 2733 
1922 
3903 
3902 
1582 
3906 
3905 
2860 
3664 
3770 
2448 
3278 7 
3278 
3914 
3913 3915 
3914 
3917 
3916 
3919 
1873 3918 
3921 
3920 
3923 
3922 
3471 
3274 
4067 2943 
1362 
410 
2966 
3931 
3930 
419 3933 
3932 
3942 3935 
3934 
1012 
3938 1012 
3937 
3940 
3939 3941 
3940 
3934 
3944 
3943 
2316 3175 
3947 3100 
3946 
3508 
3950 
3949 
2706 
3263 
1730 
3716 3342 
2131 
1783 
2813 3958 
3957 
3960 
3849 3959 
454 
3963 
3962 
3965 
3964 
2469 
3968 
3967 
2322 2174 
1798 
1760 3036 
2581 
1408 
3975 
3974 
1922 1477 
3193 
490 
1429 
2668 3981 
3980 3982 
3981 
3984 
3983 
1844 
2985 
3988 
3987 
2362 
1347 
3630 
1571 
1501 
1138 
1051 
2081 
3581 3998 
3997 
2982 
4001 3268 
4000 
4003 
4002 1638 
1908 
4006 
4005 
3234 
4009 
4008 
4011 
4010 
1485 
2721 1550 
794 
1839 
1936 2598 
4018 
4017 
1076 
3874 
4022 
4021 4023 
4024 4022 
4023 
3051 1452 
3149 
4040 3458 3814 
3809 
615 
4031 
4030 
2689 
2337 
1923 
4036 
4035 
3201 
2807 
3427 
4027 
2862 
4043 
4042 
4045 
3032 4044 
1623 
2151 
3046 1863 
3225 1126 
827 
358 
3329 
650 
4055 
4054 
4057 
4056 2126 
2369 
2540 
379 4061 
4060 
4063 
4062 
2794 
1645 
1527 
4068 3926 
4067 3636 
1187 
2777 4071 
4070 
4073 
4072 
2919 
3706 
1770 
4078 
4077 
629 
140 
3427 
4083 
4082 
2476 
690 2308
